Best Q-table loaded successfully. Best Reward: 9815.00 in 38 steps
[[[-7.67152172e+02, -7.19833527e+02, -8.01478881e+02, -6.31947255e+02],
  [-8.99367045e+02, -6.21173244e+02, -7.25177182e+02, -7.06806879e+02],
  [-7.13595324e+02, -7.20696756e+02, -9.80550414e+02, -6.81597420e+02],
  [-7.86253562e+02, -7.06676800e+02, -7.33142290e+02, -6.75442832e+02],
  [-7.53254763e+02, -7.45202737e+02, -7.25288534e+02, -6.87252848e+02],
  [-6.82680060e+02, -6.78743714e+02, -7.86652558e+02, -6.43469518e+02],
  [-7.04841801e+02, -6.67958311e+02, -7.25959228e+02, -6.72637517e+02],
  [-6.87465155e+02, -6.53207938e+02, -7.00735071e+02, -6.67562334e+02],
  [-6.48447090e+02, -6.65663136e+02, -6.91495983e+02, -6.63526489e+02],
  [-6.76904943e+02, -6.44642919e+02, -6.75518170e+02, -6.68531398e+02],
  [-7.01864193e+02, -6.60330295e+02, -6.86461971e+02, -6.77254204e+02],
  [-6.62754587e+02, -6.31906332e+02, -6.89348742e+02, -6.31123946e+02],
  [-6.64260060e+02, -6.66192568e+02, -6.72636804e+02, -6.54605074e+02],
  [-6.70219679e+02, -6.66102769e+02, -7.03936366e+02, -6.76879659e+02],
  [-7.21736723e+02, -7.16121369e+02, -7.25782456e+02, -7.22030367e+02],
  [-6.85542104e+02, -7.02144646e+02, -6.97809079e+02, -7.20780175e+02],
  [-7.17250129e+02, -7.38267427e+02, -7.07377953e+02, -7.14550636e+02],
  [-7.04317944e+02, -6.81719361e+02, -7.08975449e+02, -7.50840813e+02],
  [-7.40608686e+02, -7.28827468e+02, -7.24315860e+02, -7.56842063e+02],
  [-7.02769569e+02, -7.38367547e+02, -7.17745140e+02, -7.13639720e+02]],

 [[-7.49594409e+02, -8.68496167e+02, -8.43894473e+02, -7.80328926e+02],
  [-7.94747436e+02, -6.50457508e+02, -7.80813579e+02, -7.03640530e+02],
  [-7.01817319e+02, -7.41030026e+02, -7.72602424e+02, -7.25085086e+02],
  [-7.06782682e+02, -7.01534544e+02, -7.28597944e+02, -6.70786912e+02],
  [-6.74547214e+02, -7.15112501e+02, -7.65022602e+02, -6.58983725e+02],
  [-6.38650535e+02, -6.61321830e+02, -8.04340881e+02, -6.49408353e+02],
  [-6.87508581e+02, -6.58321909e+02, -7.43625928e+02, -6.33129236e+02],
  [-6.90981169e+02, -7.04676225e+02, -6.98890907e+02, -6.25287091e+02],
  [-6.52356224e+02, -5.96495578e+02, -6.63247618e+02, -6.51252126e+02],
  [-6.55850021e+02, -6.31442943e+02, -6.65511350e+02, -6.35815713e+02],
  [-6.54443982e+02, -6.37401900e+02, -6.76694950e+02, -6.18879316e+02],
  [-6.08456525e+02, -6.30715280e+02, -6.42656852e+02, -6.52210735e+02],
  [-6.57969145e+02, -6.45769405e+02, -6.41809692e+02, -6.22439086e+02],
  [-6.61903806e+02, -6.34683858e+02, -6.73254722e+02, -6.50515333e+02],
  [-6.97371886e+02, -7.17792178e+02, -7.26919459e+02, -7.17395857e+02],
  [-6.95977232e+02, -6.71417657e+02, -6.84596480e+02, -6.83943313e+02],
  [-6.79118562e+02, -6.92370242e+02, -6.76901682e+02, -6.87381410e+02],
  [-7.06486393e+02, -6.71056898e+02, -6.69493105e+02, -6.94958223e+02],
  [ 0.00000000e+00,  0.00000000e+00,  0.00000000e+00,  0.00000000e+00],
  [-7.10142121e+02, -7.18713759e+02, -7.04515397e+02, -6.98259309e+02]],

 [[ 0.00000000e+00,  0.00000000e+00,  0.00000000e+00,  0.00000000e+00],
  [-8.25636038e+02, -7.00874738e+02, -7.91611875e+02, -6.34087470e+02],
  [-7.29267172e+02, -6.61403121e+02, -8.66272165e+02, -6.18309086e+02],
  [-6.97851965e+02, -7.18716537e+02, -7.02996991e+02, -6.27114874e+02],
  [-6.45241705e+02, -6.62636407e+02, -7.48125008e+02, -6.18109953e+02],
  [-6.48652183e+02, -6.28249443e+02, -7.73692084e+02, -5.94297011e+02],
  [-6.96832578e+02, -6.63034816e+02, -6.45006571e+02, -6.05045501e+02],
  [-6.79383740e+02, -6.45695349e+02, -6.72572048e+02, -5.85908909e+02],
  [-6.29897170e+02, -6.35541037e+02, -6.53493516e+02, -5.59001688e+02],
  [-6.28226104e+02, -6.35723098e+02, -6.44071368e+02, -5.33861619e+02],
  [-6.53314786e+02, -5.98188294e+02, -6.71206881e+02, -4.93686218e+02],
  [-5.84433773e+02, -4.23330918e+02, -5.74417424e+02, -5.91548762e+02],
  [-6.28423764e+02, -6.05357565e+02, -6.14941947e+02, -6.29183165e+02],
  [-6.06596064e+02, -5.94637745e+02, -6.27157110e+02, -6.10266054e+02],
  [ 0.00000000e+00,  0.00000000e+00,  0.00000000e+00,  0.00000000e+00],
  [-6.62524085e+02, -6.74053912e+02, -6.55293641e+02, -6.88872532e+02],
  [-6.98177618e+02, -7.09422619e+02, -6.85848176e+02, -6.82732916e+02],
  [-6.57938116e+02, -6.31050667e+02, -6.52964900e+02, -6.58477199e+02],
  [-6.96774014e+02, -6.64448818e+02, -6.92867046e+02, -6.95309654e+02],
  [-6.80152122e+02, -6.87670473e+02, -6.57315356e+02, -6.74512827e+02]],

 [[-8.44087977e+02, -7.75567551e+02, -8.04447561e+02, -8.35027669e+02],
  [-8.02272280e+02, -6.98606834e+02, -6.94850265e+02, -6.48508562e+02],
  [-7.87475359e+02, -6.19934443e+02, -6.99418821e+02, -6.87050019e+02],
  [-7.12641995e+02, -7.16177862e+02, -6.98567261e+02, -6.76596891e+02],
  [-6.73164812e+02, -6.85802929e+02, -7.07554818e+02, -6.57260163e+02],
  [-6.93716427e+02, -6.35754923e+02, -7.16822866e+02, -6.57553101e+02],
  [-6.54888195e+02, -6.53076430e+02, -6.76399999e+02, -6.41945924e+02],
  [-6.56830106e+02, -6.80364352e+02, -6.70776899e+02, -6.42537491e+02],
  [-7.40803591e+02, -5.92492075e+02, -6.42327099e+02, -6.22080369e+02],
  [-6.32863946e+02, -6.15119422e+02, -6.41476388e+02, -6.27999590e+02],
  [ 0.00000000e+00,  0.00000000e+00,  0.00000000e+00,  0.00000000e+00],
  [-6.42874709e+02, -3.10045403e+02, -6.18667316e+02, -6.29178206e+02],
  [ 0.00000000e+00,  0.00000000e+00,  0.00000000e+00,  0.00000000e+00],
  [-6.02511434e+02, -5.61473945e+02, -5.88236424e+02, -6.04351684e+02],
  [ 0.00000000e+00,  0.00000000e+00,  0.00000000e+00,  0.00000000e+00],
  [-6.24923934e+02, -6.22161793e+02, -6.05276184e+02, -6.08867453e+02],
  [-6.71245182e+02, -6.73935424e+02, -6.74966560e+02, -6.50786607e+02],
  [-6.09585298e+02, -6.07266503e+02, -6.17078433e+02, -6.39339153e+02],
  [-6.63634274e+02, -6.44266992e+02, -6.69809717e+02, -6.49229861e+02],
  [-6.68137431e+02, -6.54685199e+02, -6.76191360e+02, -6.56571208e+02]],

 [[-7.80509347e+02, -7.69538139e+02, -8.04964736e+02, -7.81268532e+02],
  [ 0.00000000e+00,  0.00000000e+00,  0.00000000e+00,  0.00000000e+00],
  [-8.67840525e+02, -6.42925404e+02, -6.41984021e+02, -6.65209578e+02],
  [-6.41554703e+02, -6.38092938e+02, -6.75754201e+02, -6.71393552e+02],
  [-7.03032119e+02, -6.63887821e+02, -6.91429110e+02, -6.92837486e+02],
  [-7.43841750e+02, -7.09494665e+02, -7.01800601e+02, -6.96568181e+02],
  [ 0.00000000e+00,  0.00000000e+00,  0.00000000e+00,  0.00000000e+00],
  [-6.91190434e+02, -6.65289655e+02, -6.89732175e+02, -6.54296922e+02],
  [-6.45632914e+02, -6.49186206e+02, -6.34768580e+02, -5.72244320e+02],
  [-6.84821949e+02, -6.28347342e+02, -7.06152590e+02, -5.27696449e+02],
  [-6.09720414e+02, -4.96378858e+02, -5.94866340e+02, -5.95101869e+02],
  [-6.69838138e+02, -6.38813822e+01, -5.73638807e+02, -5.82539862e+02],
  [-5.89524451e+02, -6.19213402e+02, -6.10675230e+02, -5.56415521e+02],
  [-5.27292128e+02, -5.29090880e+02, -5.44439448e+02, -5.15669009e+02],
  [-6.09626565e+02, -5.02956537e+02, -5.41550031e+02, -5.70842336e+02],
  [-5.56118000e+02, -5.62179282e+02, -5.67075488e+02, -5.76056887e+02],
  [ 0.00000000e+00,  0.00000000e+00,  0.00000000e+00,  0.00000000e+00],
  [-6.62223716e+02, -6.52338260e+02, -6.60943767e+02, -6.77607291e+02],
  [-7.15373870e+02, -7.05679702e+02, -6.84121341e+02, -7.19014215e+02],
  [ 0.00000000e+00,  0.00000000e+00,  0.00000000e+00,  0.00000000e+00]],

 [[-7.17579817e+02, -7.02148375e+02, -7.08346907e+02, -7.22136622e+02],
  [-7.06382785e+02, -6.96726421e+02, -6.92854837e+02, -6.94507712e+02],
  [-6.53638666e+02, -6.87730006e+02, -6.46524818e+02, -6.71458348e+02],
  [-6.91830024e+02, -7.01316934e+02, -6.61928718e+02, -6.88098195e+02],
  [-7.13586232e+02, -6.71200092e+02, -7.11461417e+02, -6.30657986e+02],
  [-6.55077052e+02, -6.47007454e+02, -7.15381043e+02, -6.30852657e+02],
  [-6.43611662e+02, -6.66851119e+02, -6.57691109e+02, -6.28310913e+02],
  [-6.67897332e+02, -6.61573699e+02, -6.54319255e+02, -6.52438236e+02],
  [-6.41908484e+02, -6.70908149e+02, -6.73698329e+02, -6.50681377e+02],
  [-6.32179626e+02, -6.64214119e+02, -6.55348276e+02, -6.55339639e+02],
  [-5.90751304e+02, -4.53079766e+02, -5.68069463e+02, -5.83417186e+02],
  [-6.02817821e+02, -5.66445509e+02, -5.65389041e+02,  3.00335864e+02],
  [-5.82045042e+02,  8.28743679e+02, -5.55195953e+02, -5.48650802e+02],
  [-5.46465406e+02, -5.55478299e+02, -5.38405717e+02, -5.50808368e+02],
  [-5.54408033e+02, -4.59603307e+02, -5.60013613e+02, -5.47456746e+02],
  [-5.19794070e+02, -5.10616630e+02, -5.75761237e+02, -5.00124565e+02],
  [-5.54958673e+02, -4.90082045e+02, -5.50979076e+02, -5.44293166e+02],
  [-6.77980507e+02, -6.73953498e+02, -6.26719669e+02, -6.68583188e+02],
  [ 0.00000000e+00,  0.00000000e+00,  0.00000000e+00,  0.00000000e+00],
  [-7.05197971e+02, -7.04088977e+02, -6.57365976e+02, -6.91254134e+02]],

 [[-7.15462166e+02, -7.19373251e+02, -6.94804893e+02, -7.25681008e+02],
  [-7.05293070e+02, -6.79914875e+02, -7.07037039e+02, -7.13366430e+02],
  [-7.17289893e+02, -7.05622518e+02, -7.24587960e+02, -7.33832807e+02],
  [-7.12382854e+02, -6.95152011e+02, -7.14522098e+02, -6.85611096e+02],
  [-6.59985600e+02, -6.38033791e+02, -6.84564379e+02, -6.22494953e+02],
  [-6.85380069e+02, -6.73072073e+02, -6.48100909e+02, -6.38196342e+02],
  [-6.64476973e+02, -6.88738333e+02, -6.70132655e+02, -6.54923374e+02],
  [-6.73304164e+02, -6.64730169e+02, -6.76331798e+02, -6.42404366e+02],
  [-6.46398369e+02, -6.30675045e+02, -6.50644200e+02, -6.23729855e+02],
  [-6.55763709e+02, -6.54008127e+02, -6.67270092e+02, -6.13497432e+02],
  [-5.79647452e+02, -6.11623285e+02, -6.24849293e+02, -3.90419781e+02],
  [-5.76820921e+02, -2.69516314e+02, -5.21659533e+02, -5.35879571e+02],
  [-5.49662035e+02,  1.51827282e+03, -5.92480541e+02, -5.48552074e+02],
  [-5.96736381e+02, -5.73573318e+02, -5.93704341e+02, -5.46504591e+02],
  [-5.71489772e+02, -3.74173614e+02, -5.55296395e+02, -5.53596677e+02],
  [ 0.00000000e+00,  0.00000000e+00,  0.00000000e+00,  0.00000000e+00],
  [-5.86795399e+02, -4.20210527e+02, -6.45755103e+02, -5.99340176e+02],
  [ 0.00000000e+00,  0.00000000e+00,  0.00000000e+00,  0.00000000e+00],
  [-5.58016454e+02, -5.93423342e+02, -5.60636887e+02, -5.77195286e+02],
  [-6.51618519e+02, -6.36968621e+02, -5.99376726e+02, -6.02909119e+02]],

 [[-7.53945857e+02, -7.35056168e+02, -7.08258713e+02, -7.09082449e+02],
  [ 0.00000000e+00,  0.00000000e+00,  0.00000000e+00,  0.00000000e+00],
  [-6.91246083e+02, -6.84980851e+02, -6.98426975e+02, -7.02834542e+02],
  [-6.61359297e+02, -6.83121046e+02, -6.87587295e+02, -7.06729610e+02],
  [-6.56669922e+02, -6.74836278e+02, -6.76548252e+02, -6.81224521e+02],
  [-7.02714043e+02, -6.80869230e+02, -6.91011639e+02, -6.79823537e+02],
  [-6.79891705e+02, -6.52089760e+02, -6.80237455e+02, -6.67932787e+02],
  [ 0.00000000e+00,  0.00000000e+00,  0.00000000e+00,  0.00000000e+00],
  [-5.92798324e+02, -5.67844145e+02, -5.92542277e+02, -6.01846226e+02],
  [-6.61122001e+02, -6.30579834e+02, -6.41197246e+02, -6.45890493e+02],
  [ 0.00000000e+00,  0.00000000e+00,  0.00000000e+00,  0.00000000e+00],
  [-6.19299981e+02, -4.95510300e+02, -6.12379121e+02,  1.31983553e+02],
  [-5.28767004e+02,  2.34291349e+03, -5.09244303e+02, -5.76284982e+02],
  [ 0.00000000e+00,  0.00000000e+00,  0.00000000e+00,  0.00000000e+00],
  [-5.56401096e+02, -5.15766498e+02, -5.39059599e+02, -2.40698094e+02],
  [-4.62948574e+02, -5.00086830e+02, -5.08245857e+02,  2.83130679e+01],
  [-5.07681150e+02,  5.28759347e+02, -5.07412644e+02, -4.82211686e+02],
  [-5.69087866e+02, -5.68088355e+02, -5.89783511e+02, -5.63968420e+02],
  [-5.36955365e+02, -5.43217757e+02, -6.40569497e+02, -5.45198204e+02],
  [-5.94571109e+02, -6.33340543e+02, -6.77491372e+02, -6.15945400e+02]],

 [[-6.89149866e+02, -7.00948545e+02, -7.01283538e+02, -7.22404601e+02],
  [-7.08785052e+02, -7.01862698e+02, -6.87273823e+02, -7.23560428e+02],
  [-6.99098428e+02, -7.06700872e+02, -6.95369827e+02, -6.80321633e+02],
  [-6.67372594e+02, -6.56688978e+02, -6.90959827e+02, -6.56286939e+02],
  [-6.94226450e+02, -6.58015098e+02, -6.68895142e+02, -6.96939387e+02],
  [-6.95439454e+02, -7.10228327e+02, -7.03636885e+02, -6.87245946e+02],
  [-6.53774945e+02, -6.78680131e+02, -6.82287013e+02, -6.35262223e+02],
  [-6.27027951e+02, -6.39041213e+02, -6.33085020e+02, -5.86581097e+02],
  [-5.82551799e+02, -5.34613321e+02, -5.39980810e+02, -5.40396201e+02],
  [-6.38201750e+02, -6.11926497e+02, -5.97464368e+02, -6.33732338e+02],
  [ 0.00000000e+00,  0.00000000e+00,  0.00000000e+00,  0.00000000e+00],
  [-5.29484464e+02, -4.98895655e+02, -5.23194507e+02, -5.29439087e+02],
  [-2.94537568e+02,  3.20297619e+03, -4.94115916e+02, -4.26282151e+01],
  [ 0.00000000e+00,  0.00000000e+00,  0.00000000e+00,  0.00000000e+00],
  [-6.12482288e+02, -6.17881457e+02, -6.11448244e+02, -5.84109089e+02],
  [-5.51982728e+02, -5.55264371e+02, -5.80450745e+02, -3.86261154e+02],
  [-5.25280531e+02,  1.36701385e+03, -5.03286679e+02, -4.60656776e+02],
  [-5.96617235e+02, -4.44621117e+02, -4.59120377e+02, -5.78755542e+02],
  [ 0.00000000e+00,  0.00000000e+00,  0.00000000e+00,  0.00000000e+00],
  [-7.06958590e+02, -6.74816444e+02, -7.07453641e+02, -7.45635204e+02]],

 [[-6.91033821e+02, -7.11210946e+02, -7.03823427e+02, -7.12077020e+02],
  [-7.13371938e+02, -6.96529506e+02, -6.80766174e+02, -7.01693066e+02],
  [-6.79358444e+02, -6.58869231e+02, -6.90706509e+02, -6.80771529e+02],
  [-6.92011645e+02, -7.07691722e+02, -7.10670002e+02, -6.65141554e+02],
  [-6.74602356e+02, -6.32333577e+02, -6.37171501e+02, -6.58148103e+02],
  [-6.91769022e+02, -6.50777108e+02, -6.55415373e+02, -6.70855826e+02],
  [-7.05743476e+02, -6.68385451e+02, -6.36615475e+02, -6.66984303e+02],
  [-6.42633093e+02, -6.15383476e+02, -6.12598839e+02, -5.98934390e+02],
  [-5.67004628e+02, -5.31137023e+02, -5.86781368e+02, -6.21836183e+02],
  [ 0.00000000e+00,  0.00000000e+00,  0.00000000e+00,  0.00000000e+00],
  [-6.46434760e+02, -5.77149367e+02, -5.52366046e+02, -5.55799281e+02],
  [-4.94359028e+02, -4.64504186e+02, -4.99525452e+02, -4.95211417e+02],
  [-5.76385190e+02,  4.18278095e+03, -4.42536250e+02, -3.94258809e+02],
  [ 0.00000000e+00,  0.00000000e+00,  0.00000000e+00,  0.00000000e+00],
  [ 0.00000000e+00,  0.00000000e+00,  0.00000000e+00,  0.00000000e+00],
  [ 0.00000000e+00,  0.00000000e+00,  0.00000000e+00,  0.00000000e+00],
  [-4.35051823e+02,  2.40226427e+03, -3.85414193e+02, -4.58398924e+02],
  [-4.76719723e+02, -4.07083771e+02, -4.42181140e+02, -4.35177912e+02],
  [-4.80277188e+02, -4.92883243e+02, -4.71589191e+02, -5.02080723e+02],
  [ 0.00000000e+00,  0.00000000e+00,  0.00000000e+00,  0.00000000e+00]],

 [[-7.17800708e+02, -7.32939229e+02, -7.40674213e+02, -7.06531863e+02],
  [-6.84631643e+02, -6.77152699e+02, -6.98476031e+02, -6.62047977e+02],
  [-6.73576161e+02, -6.51705051e+02, -6.56399730e+02, -6.59729211e+02],
  [ 0.00000000e+00,  0.00000000e+00,  0.00000000e+00,  0.00000000e+00],
  [-6.79462499e+02, -6.42972377e+02, -6.94447770e+02, -6.88429418e+02],
  [-7.56512929e+02, -6.86048583e+02, -6.72215976e+02, -6.62854737e+02],
  [ 0.00000000e+00,  0.00000000e+00,  0.00000000e+00,  0.00000000e+00],
  [-6.65306190e+02, -6.05195082e+02, -6.04865971e+02, -5.82436426e+02],
  [-6.44539048e+02, -5.57628267e+02, -6.20518459e+02, -5.25914988e+02],
  [-5.98750665e+02, -6.21154156e+02, -5.94984146e+02, -5.26282519e+02],
  [-5.18588581e+02, -4.73447443e+02, -6.24217675e+02, -5.25026080e+02],
  [-5.14406293e+02, -4.60806000e+02, -5.19533246e+02,  2.06779555e+01],
  [-4.79731926e+02,  5.20117454e+03, -4.57873864e+02, -4.65506556e+02],
  [-5.52621909e+02,  2.11052032e+02, -5.36513460e+02, -5.02774724e+02],
  [-5.02783182e+02, -4.74559856e+02, -4.98407022e+02, -4.96611461e+02],
  [ 0.00000000e+00,  0.00000000e+00,  0.00000000e+00,  0.00000000e+00],
  [-4.25065291e+02,  3.78379332e+03, -2.34988773e+02, -3.82280792e+02],
  [-4.50173228e+02, -4.30407215e+02, -4.27906108e+02, -3.92591524e+02],
  [-4.46453788e+02, -2.86979970e+02, -4.59809893e+02, -3.77293952e+02],
  [-4.55358161e+02, -4.05894204e+02, -4.70117093e+02, -4.29539054e+02]],

 [[-7.35301644e+02, -7.63162097e+02, -7.34373657e+02, -7.42093391e+02],
  [-6.90045434e+02, -6.77935838e+02, -7.15857865e+02, -6.99307969e+02],
  [-6.78796503e+02, -6.64931332e+02, -6.45176282e+02, -6.49195265e+02],
  [-6.57010890e+02, -6.91530011e+02, -6.86867240e+02, -6.63827443e+02],
  [-6.44036263e+02, -6.14857965e+02, -6.49326789e+02, -6.26990539e+02],
  [-6.58602749e+02, -6.43786869e+02, -6.50633636e+02, -6.27828254e+02],
  [-5.91552852e+02, -6.19517322e+02, -6.38229248e+02, -5.91118976e+02],
  [-6.09568305e+02, -5.75317885e+02, -6.02541482e+02, -5.96193664e+02],
  [-6.50112300e+02, -6.45923257e+02, -6.17839207e+02, -6.34018661e+02],
  [ 0.00000000e+00,  0.00000000e+00,  0.00000000e+00,  0.00000000e+00],
  [-5.55301541e+02, -5.32853447e+02, -5.88694768e+02, -4.33205787e+02],
  [-5.37267787e+02, -4.99751081e+02, -5.89337235e+02,  2.95279755e+02],
  [-4.84550620e+02, -4.21551001e+02, -4.68085946e+02,  6.19900476e+03],
  [-4.48398428e+02,  7.10487931e+03, -4.95445185e+02, -4.12756847e+02],
  [-4.10678368e+02,  2.31509441e+02, -4.29483071e+02, -4.12086218e+02],
  [-4.19364748e+02, -3.62816474e+02, -4.29079324e+02, -2.57513000e+02],
  [-1.69506054e+01,  5.28156151e+03, -4.35769510e+02, -2.55805420e+02],
  [ 0.00000000e+00,  0.00000000e+00,  0.00000000e+00,  0.00000000e+00],
  [-4.89937345e+02,  8.33811814e+02, -3.17074481e+02, -3.65265695e+02],
  [-4.56007644e+02, -3.83109142e+02, -2.34902926e+02, -4.51379723e+02]],

 [[-7.71547047e+02, -7.93185531e+02, -7.67356760e+02, -7.36830898e+02],
  [-6.78320993e+02, -6.91488378e+02, -6.89034564e+02, -6.52551140e+02],
  [-6.96968286e+02, -6.06648943e+02, -6.10869688e+02, -6.46032577e+02],
  [-6.71414694e+02, -6.33106446e+02, -6.62891092e+02, -6.28884438e+02],
  [-6.40211142e+02, -5.90011087e+02, -6.31295020e+02, -6.32515794e+02],
  [ 0.00000000e+00,  0.00000000e+00,  0.00000000e+00,  0.00000000e+00],
  [-6.25725309e+02, -6.24949934e+02, -6.17656796e+02, -5.89521372e+02],
  [-5.83716755e+02, -5.90795476e+02, -5.67251124e+02, -5.93609604e+02],
  [ 0.00000000e+00,  0.00000000e+00,  0.00000000e+00,  0.00000000e+00],
  [-5.94904868e+02, -5.93213822e+02, -6.01662075e+02, -5.71035513e+02],
  [-5.87650977e+02, -5.32652147e+02, -5.08233903e+02, -4.89633331e+02],
  [-4.24882254e+02, -4.54671278e+02, -4.41250155e+02, -4.31955308e+02],
  [-4.64389235e+02, -4.29667370e+02, -4.40251944e+02,  1.01991688e+03],
  [-4.34737918e+02, -4.05271824e+02, -3.43019237e+02,  7.81360838e+03],
  [-3.88182998e+02,  8.31768488e+03,  2.54509819e+02, -2.89666829e+02],
  [-3.63996601e+02, -3.46186380e+02, -2.97721596e+02,  2.21284291e+02],
  [ 7.43481195e+01, -2.10261673e+02, -2.74989042e+02,  6.70284748e+03],
  [-1.82282160e+02,  7.86196220e+03, -2.36257541e+02,  6.30905850e+01],
  [-2.55414405e+02,  4.35287875e+03, -3.30829726e+02, -3.37542601e+02],
  [-3.85285154e+02, -4.14678417e+02, -3.67395309e+02, -4.47246662e+02]],

 [[-9.00996423e+02, -8.85679913e+02, -8.74347238e+02, -8.88127423e+02],
  [ 0.00000000e+00,  0.00000000e+00,  0.00000000e+00,  0.00000000e+00],
  [-6.22045863e+02, -5.96398404e+02, -6.65716299e+02, -6.05541734e+02],
  [ 0.00000000e+00,  0.00000000e+00,  0.00000000e+00,  0.00000000e+00],
  [-6.21604531e+02, -5.92764380e+02, -5.86516857e+02, -5.63069162e+02],
  [-5.81844593e+02, -5.66384150e+02, -5.73584129e+02, -6.20861754e+02],
  [-6.09547199e+02, -5.82556344e+02, -6.20950695e+02, -6.05492579e+02],
  [-5.90217771e+02, -5.72373757e+02, -5.89794197e+02, -5.79974151e+02],
  [ 0.00000000e+00,  0.00000000e+00,  0.00000000e+00,  0.00000000e+00],
  [-5.56387019e+02, -5.62252999e+02, -5.55527687e+02, -5.16793306e+02],
  [-5.10908872e+02, -5.56783164e+02, -5.06781551e+02, -4.64746381e+02],
  [-4.57948111e+02, -4.37530374e+02, -4.64613455e+02, -4.81723597e+02],
  [ 0.00000000e+00,  0.00000000e+00,  0.00000000e+00,  0.00000000e+00],
  [-4.05724949e+02, -4.56424239e+02, -4.13791620e+02, -4.12790476e+02],
  [ 3.65058427e+02,  8.69255492e+03, -3.51266177e+02, -2.74857674e+02],
  [-3.00785842e+02, -2.79139510e+02, -3.74615359e+02, -4.30782394e+01],
  [-2.34545210e+02, -1.34167276e+02, -3.10667918e+02,  2.38256811e+03],
  [-1.59626735e+02,  1.24331133e+03, -8.36987596e+01,  8.77890139e+03],
  [-2.19547771e+02,  9.23294746e+03,  1.26636483e+03,  1.70981677e+03],
  [ 0.00000000e+00,  0.00000000e+00,  0.00000000e+00,  0.00000000e+00]],

 [[ 0.00000000e+00,  0.00000000e+00,  0.00000000e+00,  0.00000000e+00],
  [-6.94174022e+02, -6.79056475e+02, -6.89839219e+02, -6.97892817e+02],
  [-6.16677719e+02, -5.78520691e+02, -6.33859997e+02, -5.89372541e+02],
  [-6.06356842e+02, -6.33874761e+02, -6.09745425e+02, -6.09412193e+02],
  [-6.24462952e+02, -6.20328320e+02, -5.97549167e+02, -6.01841324e+02],
  [-5.54538265e+02, -5.42718261e+02, -5.67003493e+02, -5.88082686e+02],
  [-6.07733834e+02, -6.04756035e+02, -5.86971267e+02, -5.67358234e+02],
  [-5.37074227e+02, -5.16871014e+02, -5.42831148e+02, -5.31283660e+02],
  [-5.56071010e+02, -5.18318779e+02, -5.60798316e+02, -5.13778436e+02],
  [-5.17803388e+02, -5.02130883e+02, -5.23035541e+02, -4.96865912e+02],
  [-4.71497129e+02, -4.37506861e+02, -4.72578252e+02, -4.48654363e+02],
  [-4.31352586e+02, -4.46384112e+02, -4.52008699e+02, -4.22766135e+02],
  [-4.56274279e+02, -4.01060174e+02, -4.41647097e+02, -4.03467816e+02],
  [-4.07659704e+02, -3.19947153e+02, -4.72603816e+02, -3.37296134e+02],
  [ 6.79851673e+02, -2.18321947e+02, -3.18109929e+02,  8.94738359e+03],
  [-2.64636493e+02, -1.00142966e+02,  4.74649869e+02,  9.11754889e+03],
  [-1.57816932e+02,  1.42052489e+02, -3.59543532e+02,  9.24324547e+03],
  [ 1.40182551e+03,  9.35053254e+03,  1.73784350e+03,  1.45875392e+03],
  [ 1.86610464e+03,  9.39519216e+03,  8.22108246e+02, -2.47659207e+02],
  [-3.28278692e+02, -2.33680880e+02, -3.21322222e+02, -2.86078907e+02]],

 [[-7.75563325e+02, -7.67904215e+02, -7.97678366e+02, -7.76600570e+02],
  [-6.66019167e+02, -6.63571474e+02, -6.39180347e+02, -6.33983399e+02],
  [-6.38492228e+02, -5.88541047e+02, -6.15327734e+02, -5.77659607e+02],
  [-5.92683604e+02, -6.00559149e+02, -5.75664750e+02, -5.61355851e+02],
  [-5.40405120e+02, -5.65148338e+02, -5.55994267e+02, -5.36219419e+02],
  [-5.29357455e+02, -5.55595195e+02, -5.37414810e+02, -5.22462126e+02],
  [-6.17850938e+02, -5.35380058e+02, -5.90679830e+02, -5.58222472e+02],
  [-5.47329203e+02, -5.22634474e+02, -5.31332312e+02, -4.60649017e+02],
  [-4.76007132e+02, -4.78618472e+02, -5.31711935e+02, -4.91574404e+02],
  [-5.21664035e+02, -5.23384569e+02, -5.22387408e+02, -5.17243284e+02],
  [ 0.00000000e+00,  0.00000000e+00,  0.00000000e+00,  0.00000000e+00],
  [-4.78282683e+02, -4.49204365e+02, -4.32948545e+02, -4.20851170e+02],
  [-4.04697885e+02, -3.81757419e+02, -4.49542190e+02, -3.28204906e+02],
  [-3.39811631e+02, -3.11711348e+02, -3.21891975e+02, -2.21870631e+02],
  [-2.96779358e+02, -2.75048423e+02, -2.39122391e+02,  1.46775452e+02],
  [-2.85328724e+02, -1.99391726e+02, -3.47762999e+02,  1.01300079e+03],
  [ 1.58105097e+02,  2.68592874e+03, -2.13926844e+02, -1.87874573e+02],
  [ 1.62948737e+03,  1.49087589e+03,  8.15942101e+01,  9.45463252e+03],
  [ 3.18263556e+03,  9.56300511e+03,  2.78485971e+03,  3.50129477e+03],
  [-2.86847944e+02,  6.80352426e+03,  7.19998834e+02,  1.04966834e+02]],

 [[ 0.00000000e+00,  0.00000000e+00,  0.00000000e+00,  0.00000000e+00],
  [-6.56481955e+02, -6.53782348e+02, -6.46706080e+02, -6.44876344e+02],
  [-6.31574200e+02, -5.74215827e+02, -6.03313618e+02, -5.84108266e+02],
  [-5.68623340e+02, -5.54990153e+02, -5.77128780e+02, -5.36914717e+02],
  [-5.65508761e+02, -5.66078037e+02, -5.63745891e+02, -5.13577523e+02],
  [-5.28502543e+02, -5.78394267e+02, -5.38499200e+02, -5.13668853e+02],
  [-5.10110984e+02, -5.03247215e+02, -5.22911714e+02, -5.11279376e+02],
  [-5.08806056e+02, -4.95221022e+02, -5.40071917e+02, -5.02407760e+02],
  [-4.92968135e+02, -4.55640023e+02, -4.90926344e+02, -4.70147805e+02],
  [-4.93931408e+02, -4.43680802e+02, -4.90143707e+02, -4.39116466e+02],
  [-4.63122386e+02, -4.66136511e+02, -4.89702390e+02, -4.27421853e+02],
  [-4.04815695e+02, -4.07947888e+02, -4.74528111e+02, -3.27877004e+02],
  [-4.21598415e+02, -1.12793932e+02, -4.39611021e+02, -3.96483327e+02],
  [ 0.00000000e+00,  0.00000000e+00,  0.00000000e+00,  0.00000000e+00],
  [-3.00157374e+02, -2.80484108e+02, -2.83615616e+02, -2.33205774e+02],
  [-3.29487031e+02, -2.07915147e+02, -2.62960388e+02,  9.98150833e+00],
  [-1.76608160e+02,  4.94803327e+03, -2.06075612e+02,  4.71444655e+02],
  [-1.40688794e+02,  4.26052233e+02, -1.42875069e+02,  6.96087251e+03],
  [ 1.38285613e+03,  9.67295432e+03,  2.39274835e+03,  5.58163376e+03],
  [ 1.00586751e+03,  9.42245113e+03,  1.19639580e+03,  6.62755708e+02]],

 [[-7.70917484e+02, -7.83499162e+02, -7.63527080e+02, -7.80888313e+02],
  [ 0.00000000e+00,  0.00000000e+00,  0.00000000e+00,  0.00000000e+00],
  [-5.90909614e+02, -6.25461572e+02, -6.07504351e+02, -5.61148182e+02],
  [-5.88898267e+02, -5.97057696e+02, -5.77805463e+02, -5.28661194e+02],
  [-5.32181801e+02, -5.26422024e+02, -5.50709444e+02, -4.98813284e+02],
  [-5.09300962e+02, -5.09282282e+02, -5.11077709e+02, -4.92558816e+02],
  [-4.93010518e+02, -5.03865370e+02, -5.06071271e+02, -4.91151253e+02],
  [-5.24214485e+02, -4.83319840e+02, -5.24543947e+02, -5.13814670e+02],
  [-4.95244753e+02, -5.09147136e+02, -5.67394290e+02, -4.56040564e+02],
  [-4.20211322e+02, -4.64569824e+02, -4.48023114e+02, -3.33089362e+02],
  [-4.18203304e+02, -4.69288105e+02, -4.70681268e+02, -1.03428577e+02],
  [-4.02259216e+02, -3.87760319e+02, -4.89673284e+02,  4.65782593e+02],
  [-4.01868263e+02,  1.40837203e+03, -3.90185464e+02, -3.43439720e+02],
  [-3.15536015e+02, -2.98297851e+02, -3.32249559e+02, -2.89769788e+02],
  [-2.58759693e+02, -1.08446455e+02, -2.73023738e+02, -3.01314056e+02],
  [ 0.00000000e+00,  0.00000000e+00,  0.00000000e+00,  0.00000000e+00],
  [-2.15399254e+02,  1.05588017e+03, -6.22940379e+01,  7.48968758e+03],
  [ 3.85237528e+02,  2.07961046e+03,  6.06801971e+02,  9.11774154e+03],
  [ 5.03207911e+03,  3.25593012e+03,  3.16703378e+03,  9.77432538e+03],
  [ 7.38294003e+03,  9.87554647e+03,  6.16147367e+03,  6.62274813e+03]],

 [[-7.23607852e+02, -7.56252247e+02, -7.29800025e+02, -7.54543917e+02],
  [-7.17639556e+02, -7.26109790e+02, -7.08107953e+02, -7.43441308e+02],
  [-6.56393834e+02, -6.12767687e+02, -6.28060850e+02, -6.37453732e+02],
  [-6.18548957e+02, -6.17594390e+02, -6.15378801e+02, -5.76630123e+02],
  [-5.08205329e+02, -5.27072313e+02, -5.69338401e+02, -5.11459861e+02],
  [-5.26736280e+02, -5.38823871e+02, -5.58904610e+02, -5.57082072e+02],
  [-5.22013007e+02, -5.25914562e+02, -5.32160130e+02, -5.43397778e+02],
  [-5.05078315e+02, -4.97206640e+02, -5.01879989e+02, -4.66237123e+02],
  [-4.76371744e+02, -4.91905697e+02, -4.77584233e+02, -4.53640446e+02],
  [-4.34141515e+02, -4.87355573e+02, -5.08935019e+02, -4.95253935e+02],
  [ 0.00000000e+00,  0.00000000e+00,  0.00000000e+00,  0.00000000e+00],
  [ 0.00000000e+00,  0.00000000e+00,  0.00000000e+00,  0.00000000e+00],
  [-4.75026537e+02, -3.32702971e+02, -2.84284647e+02,  2.70682309e+03],
  [-3.41430361e+02, -2.89666703e+02, -2.46558695e+02,  4.31131644e+03],
  [-2.83060959e+02, -1.76929013e+02, -1.75052024e+02,  5.98217338e+03],
  [-1.45701007e+02, -5.11167030e+01,  5.89259116e+02,  7.42370719e+03],
  [ 1.12994867e+03,  2.11878691e+03,  8.19816184e+02,  8.58351890e+03],
  [ 1.95001819e+03,  9.38640979e+03,  6.48592669e+02,  1.40164075e+03],
  [ 1.21374979e+03,  8.83002851e+03,  1.44601414e+03,  3.39891773e+03],
  [ 7.36413960e+03,  1.00000000e+04,  5.14877223e+03,  7.52795668e+03]],

 [[-8.17920087e+02, -8.33804614e+02, -8.00207454e+02, -7.87731694e+02],
  [ 0.00000000e+00,  0.00000000e+00,  0.00000000e+00,  0.00000000e+00],
  [-6.56208914e+02, -6.66557734e+02, -6.61804136e+02, -6.28999221e+02],
  [-6.34975743e+02, -6.12602003e+02, -6.51105217e+02, -6.03210537e+02],
  [-6.07816898e+02, -6.27200290e+02, -6.81295815e+02, -6.34746213e+02],
  [ 0.00000000e+00,  0.00000000e+00,  0.00000000e+00,  0.00000000e+00],
  [ 0.00000000e+00,  0.00000000e+00,  0.00000000e+00,  0.00000000e+00],
  [-6.33102258e+02, -6.23397828e+02, -6.26883177e+02, -6.32038501e+02],
  [-5.57906087e+02, -5.27130078e+02, -5.84052761e+02, -5.54735189e+02],
  [ 0.00000000e+00,  0.00000000e+00,  0.00000000e+00,  0.00000000e+00],
  [-5.97923921e+02, -5.95997398e+02, -6.18269371e+02, -6.48838813e+02],
  [-5.13090247e+02, -5.71727223e+02, -5.74187249e+02, -5.23264637e+02],
  [-4.80664434e+02, -3.80706681e+02, -3.84449933e+02, -3.68230797e+02],
  [-2.47434024e+02, -3.53635048e+02, -3.98531328e+02, -3.01379283e+02],
  [-2.14883306e+02, -2.42360364e+02, -3.42144357e+02, -1.46476508e+02],
  [ 1.43282520e+03, -1.13830338e+02, -2.94791349e+02, -2.41303114e+02],
  [ 0.00000000e+00,  0.00000000e+00,  0.00000000e+00,  0.00000000e+00],
  [ 1.55035714e+03,  2.86294108e+03,  2.85032747e+03,  9.79354908e+03],
  [ 3.20169117e+03,  4.02463732e+03,  3.00472224e+03,  9.99588902e+03],
  [ 0.00000000e+00,  0.00000000e+00,  0.00000000e+00,  0.00000000e+00]]]